train50 : 1328/35652-->0.037248962190059465
train60 : 1605/42752-->0.037542103293413176
validation40 : 1100/28188-->0.039023698027529446
validation20 : 534/14179-->0.03766133013611679
test20 : 573/14149-->0.040497561665135344
test10 : 284/7240-->0.039226519337016576